2003 305  0   6.3  -3.4  -1.2  -0.6   17520.   1.7  804.   -69
2003 305  1   4.0  -1.4  -1.8  -1.5   14982.   1.5  801.   -69
2003 305  2   3.2  -1.4  -3.6  -3.2   12216.   1.9  789.   -61
2003 305  3   4.3  -1.2  -2.3  -1.9   16531.   1.6  770.   -62
2003 305  7   4.7  -1.5  -1.4  -0.6   10813.   1.4  710.   -48
2003 305  8   4.7  -0.3  -1.7  -1.4    9101.   1.5  699.   -47
2003 305 17   4.6  -1.5  -0.6  -0.2   12344.   2.4  615.   -31
2003 305 18   1.8  -3.3  -2.7  -1.9   12960.   2.2  638.   -28
2003 305 19   3.2  -2.3  -2.9  -2.4   11654.   2.4  610.   -32
2003 305 20   3.2  -2.2  -3.1  -2.7   13096.   2.6  610.   -36
2003 305 21   3.8  -3.0  -1.3  -0.8   13955.   2.3  596.   -33
2003 305 22   3.0  -2.7  -2.6  -2.2   14915.   2.2  595.   -31
2003 305 23   3.2  -2.3  -2.7  -2.3   19284.   2.5  591.   -37
2003 306  0   4.1  -2.0  -0.9  -0.6   29904.   2.4  578.   -41
2003 306  1   3.4  -2.6  -0.0   0.5   41793.   2.6  577.   -40
2003 306  2   3.8  -2.3   0.3   0.8   49088.   2.8  569.   -31
2003 306  3   3.1   1.1  -2.7  -2.9   58549.   3.3  570.   -23
2003 306  4   1.0  -3.0  -3.8  -2.7   52401.   3.1  581.   -27
2003 306  5   3.9  -3.3  -1.9  -0.6   73341.   2.3  551.   -30
2003 306  6   3.5  -3.0  -2.2  -0.8   71447.   2.5  552.   -26
2003 306  7   4.1  -2.5  -0.6   0.6   81694.   2.2  540.   -23
2003 306  8   3.1  -2.3  -1.4  -0.2   77807.   2.2  540.   -23
2003 306  9   1.9  -2.7  -3.4  -1.7   80253.   2.5  553.   -22
2003 306 10   1.1  -3.0  -3.2  -1.3   75075.   2.3  553.   -27
2003 306 11   2.0  -3.5  -3.5  -1.4   91106.   1.6  552.   -31
2003 306 12   2.5  -3.7  -3.2  -1.1  104629.   1.5  547.   -25
2003 306 13   1.9  -2.6  -4.1  -2.6   88684.   1.6  547.   -25
2003 306 14   0.0  -3.1  -4.2  -2.6   56398.   1.9  556.   -28
2003 306 15   1.7  -3.7  -3.1  -1.6   58574.   1.9  536.   -29
2003 306 16   1.9  -3.4  -3.3  -2.1   69634.   2.6  530.   -28
2003 306 17   1.7  -0.9  -4.8  -4.4   72154.   2.7  523.   -23
2003 306 18  -0.3  -0.9  -5.0  -4.7   62675.   2.8  532.   -23
2003 306 19   2.4  -3.1  -2.4  -1.8   73850.   2.5  504.   -21
2003 306 20   2.3  -3.3  -2.4  -1.8   76100.   2.6  498.   -23
2003 306 21   2.4  -3.4  -2.6  -2.1   73773.   2.9  497.   -22
2003 306 22   2.2  -2.7  -3.0  -2.6   95000.   3.2  498.   -26
2003 306 23   2.5  -2.6  -3.4  -3.0  102496.   3.1  494.   -32
2003 307  0   3.9  -1.7  -2.4  -2.1  127153.   2.8  486.   -36
2003 307  1   5.0  -2.5  -1.7  -1.2  113234.   2.7  478.   -38
2003 307  2   2.8  -2.1  -2.6  -2.1  145742.   2.7  503.   -32
2003 307 12   2.8  -1.7   2.7   3.2  192706.   2.9  544.    -7
2003 307 13   3.6  -2.6   2.5   3.4  156704.   2.9  576.    -9
2003 307 17   2.5   2.3   2.2   1.5  152663.   3.4  570.    -3
2003 307 18   4.3  -3.4   0.1   0.9  162402.   2.7  527.    -2
2003 307 19   4.3  -2.5  -1.4  -0.9  169389.   2.5  539.    -4
2003 307 20   2.5  -3.5   1.0   1.5  155337.   3.0  559.    -5
2003 307 21   3.6  -3.7  -1.2  -0.7  143728.   3.1  540.    -6
2003 307 22   3.3  -2.0  -0.4  -0.1  166285.   3.1  545.    -6
2003 307 23   5.1  -1.6   1.6   1.8  168954.   3.2  523.   -11
2003 308  0   4.8  -2.7   1.2   1.6  148875.   3.4  522.   -20
2003 308  1   3.4  -3.8   0.4   1.1  136666.   3.1  517.   -15
2003 308  2   4.3  -3.6  -0.2   0.6  122125.   3.0  496.   -12
2003 308  3   2.6  -4.4   0.1   1.2  120267.   3.5  498.   -12
2003 308  4   3.7  -4.1  -2.4  -1.0  113207.   3.7  488.   -14
2003 308  5   3.0  -5.4  -0.8   1.2  124999.   4.4  492.   -15
2003 308  6   5.2  -5.3   2.4   4.3  374765.   8.6  562.    14
2003 308  7   6.9  -9.5   3.6   7.4  894891.  15.3  733.    10
2003 308  8   0.2   2.2  14.8  12.1  861024.  14.5  743.     6
2003 308  9   8.0  11.3  -7.4 -11.9  971676.  11.7  739.   -15
2003 308 10  -1.3   2.2  12.0   9.5  873116.  10.8  739.   -69
2003 308 11  -2.9  -3.2  11.7  11.8  944182.   7.2  750.   -63
2003 308 12  -2.1  -3.4  10.1  10.5  857229.   5.8  748.   -55
2003 308 13  -2.4  -4.8   8.5   9.7  786516.   5.0  754.   -58
2003 308 14  -5.0  -2.7   5.8   6.4  720692.   4.8  752.   -61
2003 308 15  -4.9  -3.1   3.8   4.6  674083.   4.4  717.   -59
2003 308 16  -1.0   0.1   3.5   3.3  607765.   4.0  712.   -55
2003 308 17   0.4  -4.0   2.9   3.9  528048.   3.6  681.   -50
2003 308 18   0.8  -4.7   1.3   2.3  476926.   3.7  660.   -45
2003 308 21   0.9  -3.6   1.1   1.6  288707.   4.0  614.   -36
2003 308 22  -2.4  -4.9  -0.7  -0.1  276356.   4.0  616.   -39
2003 308 23   1.7  -2.5   1.2   1.5  271333.   4.2  590.   -42
2003 309  0   3.9   0.0   1.5   1.5  303554.   3.9  596.   -41
2003 309  1   3.6   0.7   2.6   2.4  282502.   3.9  592.   -36
2003 309  2  -0.3  -3.4   3.3   3.9  207712.   4.6  591.   -31
2003 309  3  -1.2  -3.8   2.7   3.6  184114.   4.2  591.   -31
2003 309  4  -1.2  -4.4   2.7   3.9  182851.   4.4  585.   -31
2003 309  5  -0.9  -4.8   2.5   4.0  180367.   4.3  586.   -30
2003 309  6  -1.0  -5.6  -0.3   1.9  166040.   4.1  582.   -27
2003 309  7  -1.1  -5.9   1.3   3.7  151827.   4.0  577.   -24
2003 309  8  -1.0  -5.6   1.2   3.6  169617.   3.5  571.   -25
2003 309  9  -1.2  -5.4   1.8   4.1  181571.   2.7  566.   -28
2003 309 10  -1.1  -5.5   1.4   3.8  170278.   2.8  558.   -29
2003 309 11   0.1  -5.2   1.7   3.9  139892.   3.2  547.   -28
2003 309 12  -1.0  -5.3   1.6   3.8  126905.   2.8  547.   -27
2003 309 13  -0.7  -5.1   2.0   4.0  108751.   3.0  542.   -25
2003 309 14  -0.5  -4.9   0.3   2.2   94179.   3.4  535.   -22
2003 309 15  -0.0  -4.4   2.1   3.5   88403.   3.3  527.   -19
2003 309 16  -1.1  -4.3  -0.5   0.8   86982.   3.2  531.   -17
2003 309 20   3.5  -0.6  -0.5  -0.4  153391.   4.9  529.   -17
2003 309 21   3.1  -3.2  -2.5  -2.1  120434.   4.3  525.   -18
2003 309 22   2.7  -3.8  -2.3  -1.8   94932.   3.9  524.   -17
2003 309 23   3.9  -3.1  -2.1  -1.7   96834.   3.6  504.   -22
2003 310  0   3.7  -2.1  -1.9  -1.6  101909.   3.9  500.   -24
2003 310  4   4.0  -1.2  -2.2  -1.7   68875.   3.2  484.   -25
2003 310 15   3.6  -0.4  -2.7  -2.4   49523.   2.8  453.    -5
2003 310 16   3.8  -2.5  -0.5   0.3   63205.   2.7  455.   -10
2003 310 19   0.9  -2.2  -4.0  -3.6   65368.   2.6  480.    -1
2003 310 20   5.3   0.0  -6.8  -6.7  283157.   7.2  539.     5
2003 310 21   8.1   4.0   0.2  -0.3  479822.   7.3  563.    -9
2003 310 22   6.5  -1.4  -5.8  -5.6  454389.   6.9  572.   -21
2003 310 23   6.6   1.4  -1.8  -2.0  473133.   7.4  568.   -18
2003 311  0   4.9   1.8   0.7   0.5  476735.   7.8  568.   -16
2003 311  1   5.0   3.2   1.5   1.0  476672.   6.8  556.   -20
2003 311  2  -0.7  -5.4   1.0   2.1  426633.   6.4  565.   -15
2003 311  3  -0.3  -5.4  -0.7   0.7  428403.   5.7  558.   -10
2003 311  4   3.6  -1.8  -0.9  -0.3  417745.   5.3  551.   -14
2003 311  6  -2.5  -0.7  -0.4  -0.1  388858.   4.8  553.   -14
2003 311  7  -4.2  -1.6  -0.1   0.6  398734.   4.7  551.   -12
2003 311  9   0.9  -2.6   1.5   2.5  336760.   4.6  550.   -15
2003 311 10   0.4  -3.6   1.2   2.7  350045.   4.7  534.   -13
2003 311 12  -2.1  -4.7  -1.1   1.1  280852.   4.8  519.    -8
2003 311 13  -3.7  -4.4  -0.6   1.3  248309.   5.3  505.    -8
2003 311 14  -4.7  -4.1  -1.2   0.4  235343.   5.1  509.    -7
2003 311 15  -5.0  -0.9  -1.5  -1.1  160737.   6.3  506.    -7
2003 311 16  -4.9  -1.6   0.6   1.0  140272.   7.0  493.    -6
2003 311 17  -3.4  -3.0   1.1   1.8  128637.   7.5  485.    -4
2003 311 18  -1.6  -4.8  -1.6  -0.6  142816.   6.9  471.    -3
2003 311 19   1.1  -6.8  -0.1   1.0  126329.   6.0  451.    -4
2003 311 20   3.1  -5.5   0.9   1.7  102235.   6.0  444.    -4
2003 311 21   4.3  -4.0   2.9   3.4   98010.   6.0  430.    -3
2003 311 22  -0.1  -4.3  -0.2   0.3   50447.   8.2  415.    -1
2003 311 23  -1.3  -3.7  -1.5  -1.1   59512.   8.0  417.    -3
2003 312  0   2.8  -4.3   0.8   1.3   72001.   5.8  424.    -5
2003 312  1   3.0  -4.9   1.3   2.1   77361.   4.5  431.    -3
2003 312  2   2.9  -4.7   1.0   1.9   73714.   5.1  432.     3
2003 312  3   2.8  -4.1   1.4   2.3   84971.   5.6  429.     5
2003 312 16   3.1   7.0   8.8   6.4   99629.  15.3  443.     7
2003 312 17   1.0  12.8   5.3   2.0  107525.   5.0  439.     4
2003 312 18   2.9  13.3   0.2  -2.5  112294.   5.7  443.     5
2003 312 19   1.3  12.8   5.4   3.2   92958.   4.9  442.    -5
2003 312 20  -0.1   9.9   6.4   5.0  145915.   4.7  444.    -5
2003 312 21  -5.9   8.3   0.3  -0.6  186861.   5.7  488.     2
2003 312 22  -6.2   7.3   1.4   0.6  183840.   5.8  481.     1
2003 312 23  -7.0   1.4   1.1   0.9  218849.   5.9  479.     2
2003 313  0  -8.4  -2.5   2.3   2.6  163384.   5.3  488.     2
2003 313  1  -7.0   4.1  -1.6  -2.2  153726.   5.0  497.     2
2003 313  2  -7.2   2.5   2.1   1.6  146322.   5.0  494.     5
2003 313  3  -6.2   3.7   2.5   1.6  145643.   4.8  511.     3
2003 313  4  -7.5   2.4   0.6  -0.1  160458.   4.7  511.     3
2003 313  5  -7.6   3.1   0.2  -0.9  146649.   4.4  504.    -1
2003 313  6  -7.5   4.2   1.2  -0.5  134125.   3.8  507.    -3
2003 313  7  -6.3   5.6   1.0  -1.4  132614.   4.4  524.    -7
2003 313  8  -2.9   8.6   2.4  -1.6  141131.   5.0  553.   -11
2003 313  9  -5.2   4.6   0.9  -1.3  167672.   4.9  538.   -14
2003 313 10  -3.8   5.8   4.3   1.2  184250.   5.1  551.   -13
2003 313 11  -0.1   5.5   4.6   1.6  171076.   6.9  571.    -5
2003 313 12  -4.0   5.9  -3.0  -5.3  176558.   7.1  542.    -3
2003 313 13   1.6   3.4  -7.9  -8.6  149857.   6.8  558.   -15
2003 313 14  -5.3   4.0   4.0   2.2  173945.   4.2  556.   -31
2003 313 15  -5.3   3.6   2.7   1.4  230751.   5.0  568.   -25
2003 313 16  -6.6   3.6   0.7  -0.4  222384.   5.1  557.   -21
2003 313 17  -5.2  -1.4  -2.8  -2.4  216659.   4.8  566.   -22
2003 313 18  -3.2  -3.9  -5.8  -4.9  191235.   4.2  582.   -26
2003 313 19  -5.1   0.8  -1.5  -1.6  222132.   4.4  565.   -33
2003 313 20  -6.2   1.0   1.0   0.9  201129.   4.5  564.   -33
2003 313 21  -5.2   1.6  -0.3  -0.5  193682.   4.5  569.   -26
2003 313 22  -5.6   2.9   1.4   1.1  170820.   4.9  563.   -24
2003 313 23  -6.4   0.7   0.0  -0.1  185436.   4.9  556.   -25
2003 314  0  -5.4   2.6   0.1  -0.2  169265.   5.0  561.   -23
2003 314  1  -5.6   3.0  -1.6  -2.0  167787.   5.0  560.   -16
2003 314  2  -3.5   3.7   0.5  -0.2  160608.   5.0  567.   -13
2003 314  3  -5.3   3.5   1.9   1.0  169463.   5.0  553.   -21
2003 314  4  -2.6   5.5  -0.7  -2.2  146827.   5.5  566.   -18
2003 314  5  -5.2   4.7   0.6  -1.0  135433.   5.7  534.   -20
2003 314  6  -3.6   2.0   3.8   2.8  142031.   7.2  502.   -20
2003 314  7  -1.8   4.2  -3.4  -4.8  130565.   8.3  505.   -13
2003 314  8  -3.7   2.8  -1.1  -2.2  158251.   9.0  496.   -11
2003 314  9  -6.2   3.4  -0.0  -1.5  130127.   9.0  476.   -13
2003 314 10  -6.9   2.8  -3.8  -4.7  120357.   9.1  464.   -17
2003 314 11  -4.3   4.5  -1.6  -3.4   84767.   8.0  469.   -16
2003 314 12  -3.3   3.6   1.8   0.1  137409.   8.3  487.   -18
2003 314 13  -2.1   3.3  -4.6  -5.5  237076.   7.7  518.   -19
2003 314 14  -4.0   0.7  -0.6  -0.8  227799.  10.1  516.   -25
2003 314 15  -3.5   0.2   2.8   2.6  249906.   9.9  547.   -25
2003 314 16  -8.0   3.5   4.3   3.1  234101.   8.8  566.   -20
2003 314 17  -4.8  10.4   0.9  -1.6  227901.   9.6  592.   -16
2003 314 18  -8.5   9.3  -1.3  -3.1  215476.   9.0  607.   -29
2003 314 19 -10.8  10.2   1.6   0.0  196458.   8.3  620.   -36
2003 314 20  -7.9   9.5   1.8   0.6  262454.   8.4  649.   -32
2003 314 21  -3.6   7.2   4.6   3.8  314927.   8.4  664.   -29
2003 314 22  -4.1  11.6  -0.7  -1.8  299691.   9.4  648.   -30
2003 314 23  -5.3  10.7  -3.2  -4.2  307729.  10.1  640.   -37
2003 315  0  -7.3   9.9  -1.6  -2.7  290999.  10.8  626.   -48
2003 315  1  -7.4   2.3  -0.8  -1.1  412136.   9.1  651.   -40
2003 315  2  -6.1   0.2  -2.0  -2.0  501977.   8.8  662.   -28
2003 315  3  -5.8  -0.6  -0.6  -0.4  484808.   7.6  677.   -30
2003 315  4  -5.9   9.3   1.6  -1.0  543882.   5.5  708.   -42
2003 315  5  -6.8   7.8   3.6   0.9  486868.   5.0  697.   -46
2003 315  6  -8.3   7.1   3.3   0.4  415790.   4.1  681.   -43
2003 315  7  -5.7   8.4   1.7  -1.9  552848.   4.2  742.   -39
2003 315  8  -6.9   8.0  -2.8  -6.0  568660.   4.2  740.   -37
2003 315  9  -4.8   7.5   1.3  -2.2  473186.   4.4  737.   -47
2003 315 10  -6.3   5.8  -0.5  -3.1  447327.   4.6  720.   -50
2003 315 11  -6.6   3.6   1.0  -0.7  405518.   5.0  720.   -38
2003 315 12  -7.2   2.5  -2.9  -3.7  325747.   4.0  713.   -55
2003 315 13  -6.1   5.2   2.3   0.0  273719.   3.4  710.   -62
2003 315 14  -3.7   6.6   0.4  -2.0  307753.   3.2  730.   -59
2003 315 15  -4.2   5.4   0.8  -1.0  312740.   3.4  724.   -54
2003 315 16  -4.7   3.6   0.0  -1.0  355835.   3.3  723.   -52
2003 315 17  -5.6   2.9  -4.2  -4.8  331132.   3.2  724.   -51
2003 315 18  -6.7   4.1   0.1  -0.7  361721.   2.5  745.   -51
2003 315 19  -4.8   3.1   0.8   0.3  375315.   2.4  766.   -52
2003 315 20  -4.0   3.7  -0.3  -0.7  365673.   2.4  770.   -49
2003 315 21  -4.7   4.6  -0.7  -1.1  339271.   2.2  756.   -48
2003 315 22  -3.6   5.0   2.4   1.9  353170.   2.2  756.   -54
2003 315 23  -5.9   1.0   0.2   0.1  326150.   2.2  725.   -46
2003 316  0  -4.3   3.7   1.4   1.0  296732.   2.1  724.   -47
2003 316  1  -4.9   1.4  -1.8  -2.0  303640.   2.4  706.   -38
2003 316  2  -4.0   3.0   1.7   1.2  268578.   2.4  708.   -39
2003 316  3  -4.5   3.5   1.5   0.7  249832.   2.4  691.   -35
2003 316  4  -3.7   3.0   0.5  -0.3  278510.   2.3  706.   -35
2003 316  5  -4.4   3.9   0.0  -1.2  314530.   2.4  708.   -32
2003 316  6  -3.1   1.1  -0.6  -1.0  411495.   2.5  735.   -33
2003 316  7  -2.3   5.2  -1.1  -3.1  332504.   2.6  739.   -34
2003 316  8  -4.2   2.9  -0.1  -1.3  280141.   2.4  717.   -39
2003 316  9  -3.3   3.9   0.1  -1.6  271181.   2.4  722.   -29
2003 316 10  -4.7   1.6   1.6   0.7  229952.   2.4  708.   -29
2003 316 11  -6.0   0.3  -1.1  -1.1  149229.   2.4  691.   -30
2003 316 12  -5.4   2.2  -0.2  -1.1  155145.   2.4  690.   -30
2003 316 13  -5.7   2.2   1.2   0.2  143818.   2.2  678.   -28
2003 316 14  -5.5   2.0  -0.1  -0.8  147164.   2.2  677.   -26
2003 316 15  -6.0   0.8  -1.4  -1.6  129455.   2.4  666.   -28
2003 316 16  -5.6   1.7  -1.9  -2.3  145080.   2.4  669.   -36
2003 316 17  -4.5   2.4  -1.5  -2.0  166959.   2.5  681.   -29
2003 316 18  -3.9   0.8  -3.9  -4.0  179612.   2.5  689.   -33
2003 316 19  -4.5   0.8  -0.2  -0.3  183083.   2.5  681.   -35
2003 316 20  -2.8   4.6   2.7   2.2  215109.   2.6  693.   -31
2003 316 21  -2.3   4.6   3.6   3.2  214388.   2.4  690.   -30
2003 316 22  -3.4   3.4   1.0   0.7  252872.   2.7  685.   -27
2003 316 23  -2.1   3.4  -1.6  -1.9  240498.   2.6  694.   -27
2003 317  0  -4.2   1.7  -1.9  -2.1  194516.   2.8  673.   -29
2003 317  1  -5.0   1.6  -0.6  -0.8  173621.   2.9  658.   -29
2003 317  2  -3.8   0.6  -2.5  -2.6  206239.   2.7  675.   -25
2003 317  3  -4.5  -0.2  -0.8  -0.7  204642.   2.8  672.   -18
2003 317  4  -3.1  -0.5  -4.6  -4.3  237072.   2.8  688.   -23
2003 317  5  -4.0  -3.2  -1.2  -0.1  220104.   2.6  673.   -31
2003 317  6  -3.5   1.7   0.4  -0.2  238320.   2.6  675.   -31
2003 317  7  -2.8   4.5   0.9  -1.0  224120.   2.6  675.   -26
2003 317  8  -3.5   2.7  -2.5  -3.4  203033.   2.9  665.   -33
2003 317  9  -3.4  -0.3  -1.5  -1.2  249826.   3.1  660.   -36
2003 317 10  -2.9  -0.9   4.4   4.3  227343.   2.9  666.   -25
2003 317 11  -3.9  -1.0  -4.0  -3.2  393674.   4.5  702.   -14
2003 317 12  -3.9   0.3  -2.1  -2.0  452183.   4.8  703.   -18
2003 317 13  -5.4  -1.6  -3.5  -2.6  399388.   4.8  685.   -31
2003 317 14  -6.0  -1.2   3.3   3.5  352300.   4.4  673.   -32
2003 317 15  -6.1  -1.1   3.7   3.9  288787.   4.2  662.   -36
2003 317 16  -6.5   0.5   0.8   0.6  245873.   4.2  650.   -44
2003 317 17  -5.7   1.5  -2.3  -2.6  240519.   4.2  649.   -52
2003 317 18  -7.0   0.3  -1.2  -1.2  251083.   4.1  652.   -46
2003 317 19  -7.6  -1.1   0.1   0.3  191153.   3.8  638.   -59
2003 317 20  -4.9   2.7  -3.5  -3.8  216895.   3.6  656.   -59
2003 317 21  -3.0   4.9   0.8   0.4  235337.   4.0  666.   -55
2003 317 22  -5.5   5.4  -2.1  -2.5  221666.   4.3  641.   -47
2003 317 23  -4.7   5.3  -1.6  -2.0  216944.   4.2  645.   -55
2003 318  0  -5.8   3.9  -1.5  -1.9  225302.   4.9  635.   -51
2003 318  1  -5.5   3.1   1.1   0.7  188365.   4.9  635.   -38
2003 318  2  -5.8   5.7   0.6  -0.3  176556.   4.8  626.   -37
2003 318  3  -4.6   2.3  -4.4  -4.8  205802.   4.6  636.   -35
2003 318  4  -3.1   6.0   1.3  -0.3  244899.   4.8  642.   -44
2003 318  5  -3.1   6.4  -2.2  -4.1  241079.   5.1  636.   -52
2003 318  6  -4.9   5.0  -1.0  -2.7  212217.   5.0  622.   -55
2003 318  7  -5.0  -0.1   1.4   1.3  246743.   4.8  629.   -42
2003 318  8  -4.1   4.6   0.5  -1.5  213658.   4.7  633.   -35
2003 318  9  -3.0   4.1  -1.2  -2.9  205195.   4.2  638.   -39
2003 318 10  -2.8   5.5   3.2   0.5  186924.   3.8  637.   -38
2003 318 11  -4.2   5.9  -1.3  -3.7  180691.   3.6  624.   -28
2003 318 12  -3.7   4.3  -2.7  -4.2  222698.   3.5  631.   -35
2003 318 13  -4.0  -1.2  -0.1   0.4  292612.   3.5  635.   -39
2003 318 14  -4.5  -1.6   1.0   1.5  265182.   3.5  632.   -32
2003 318 15  -4.8   1.7   1.3   0.7  221837.   3.4  630.   -27
2003 318 16  -5.1   2.7  -2.7  -3.3  210816.   3.7  627.   -25
2003 318 17  -5.0   1.7  -3.6  -3.9  186846.   3.9  623.   -25
2003 318 18  -2.3   4.3  -4.1  -4.8  167494.   3.5  642.   -30
2003 318 19  -1.6   4.4  -1.9  -2.5  167640.   3.5  645.   -41
2003 318 20  -3.4   4.0   0.2  -0.2  154205.   3.6  629.   -37
2003 318 21  -3.5   1.4  -2.1  -2.2  186284.   3.8  627.   -35
2003 318 22  -3.1  -0.1  -2.2  -2.2  189679.   4.0  631.   -28
2003 318 23  -5.1   2.3   0.8   0.6  167685.   4.2  610.   -28
2003 319  0  -4.4   1.2   0.1  -0.0  194916.   4.2  615.   -26
2003 319  1  -3.7   0.5   0.6   0.5  215665.   4.0  621.   -18
2003 319  2  -4.5   3.3   0.4  -0.1  182141.   3.9  615.   -19
2003 319  3  -0.5   3.5   2.6   1.8  204682.   3.6  642.   -19
2003 319  4  -4.1  -2.0  -1.8  -1.2  213799.   4.0  620.   -25
2003 319  5  -3.8   2.8   2.4   1.4  222594.   4.2  626.   -26
2003 319  6  -6.4   7.7  -2.9  -5.4  606865.   8.8  712.   -17
2003 319  7  -5.6  10.7   0.1  -4.1  443645.   8.7  697.   -37
2003 319  8  -6.2   7.7  -1.1  -4.2  434652.   8.4  676.   -34
2003 319  9  -3.8   0.6  -2.4  -2.4  463126.   7.3  682.   -46
2003 319 10  -7.3  -0.1   2.8   2.6  400136.   6.6  654.   -39
2003 319 11  -6.5   0.3  -2.9  -2.8  332667.   6.1  647.   -37
2003 319 12  -5.0   4.4   3.5   1.4  262418.   5.7  641.   -50
2003 319 13  -3.4   5.8  -0.2  -2.4  228554.   6.3  641.   -48
2003 319 14  -4.4   6.5   1.9  -0.4  207091.   5.5  631.   -46
2003 319 15  -5.7   6.5  -1.6  -3.5  252280.   3.4  649.   -43
2003 319 16  -5.1   4.6  -1.8  -2.9  249278.   2.5  668.   -49
2003 319 17  -6.4   3.6  -1.8  -2.5  195467.   3.0  675.   -43
2003 319 18  -5.2   0.6   0.3   0.2  208886.   3.1  692.   -43
2003 319 19  -5.1  -2.5  -1.3  -1.0  223860.   2.9  691.   -44
2003 319 20  -5.6   1.6  -0.3  -0.5  209184.   2.7  687.   -40
2003 319 21  -3.0  -5.4  -2.1  -1.7  268077.   2.4  728.   -40
2003 319 22  -5.1  -2.3  -3.7  -3.5  226783.   2.4  705.   -42
2003 319 23  -5.9   0.5  -2.6  -2.6  256309.   2.4  703.   -34
2003 320  0  -5.1  -3.2  -0.2   0.1  312994.   2.5  712.   -31
2003 320  1  -6.4   0.8  -0.3  -0.4  277758.   2.7  699.   -31
2003 320  2  -5.0   2.6  -3.0  -3.4  264417.   2.7  714.   -29
2003 320  3  -5.8   3.5  -1.5  -2.2  262799.   2.6  705.   -25
2003 320  4  -5.4   1.1   2.5   2.1  265258.   2.7  710.   -32
2003 320  5  -5.3   2.7   1.5   0.6  254437.   2.7  708.   -33
2003 320  6  -7.1   2.9  -0.3  -1.3  200191.   2.9  681.   -32
2003 320  7  -6.4   2.6  -3.0  -3.8  190021.   3.0  685.   -37
2003 320  8  -6.5   2.9  -1.4  -2.5  205545.   3.0  679.   -48
2003 320  9  -4.6   3.5   0.6  -0.9  298822.   2.9  712.   -49
2003 320 10  -5.1   1.5  -0.5  -1.1  499017.   2.8  747.   -34
2003 320 11  -4.9   1.6   0.1  -0.6  424302.   2.8  739.   -29
2003 320 12  -2.8   1.2   0.6   0.1  438569.   2.7  763.   -31
2003 320 13  -3.4   0.3  -2.6  -2.5  452102.   2.7  784.   -29
2003 320 14  -4.0   2.4  -0.9  -1.7  414118.   2.3  797.   -38
2003 320 15  -4.2   3.5   1.1   0.0  384109.   2.2  796.   -32
2003 320 16  -2.8   4.9   0.3  -0.9  360543.   2.3  809.   -28
2003 320 17  -4.3   4.7  -1.2  -2.1  249852.   2.0  785.   -35
2003 320 18  -4.3   4.0   1.7   1.0  249239.   2.1  783.   -40
2003 320 19  -2.8   4.1   4.2   3.7  253835.   2.2  799.   -36
2003 320 20  -4.4   2.6  -3.4  -3.6  269588.   2.2  773.   -33
2003 320 21  -4.9   2.8  -1.2  -1.4  283938.   2.1  759.   -36
2003 320 22  -5.4  -0.9  -0.5  -0.4  310738.   2.4  754.   -37
2003 320 23  -4.5   2.1  -0.9  -1.0  324179.   2.6  763.   -32
2003 321  0  -4.1   0.9  -2.7  -2.8  310922.   2.5  769.   -27
2003 321  1  -3.3   3.1   0.5   0.2  317826.   2.3  785.   -33
2003 321  2  -4.6   2.5  -1.3  -1.6  267125.   2.0  767.   -31
2003 321  3  -4.0   2.8  -1.1  -1.6  273742.   1.9  768.   -35
2003 321  4  -4.1   3.8  -2.9  -3.7  318093.   1.8  764.   -42
2003 321  5  -3.1   3.6  -2.3  -3.3  359840.   1.9  777.   -44
2003 321  6  -3.0   2.3  -1.7  -2.4  360076.   1.9  782.   -48
2003 321  7  -4.6   3.0  -0.6  -1.7  281434.   1.9  758.   -43
2003 321  8  -3.3   4.2   1.2  -0.6  277344.   1.9  766.   -41
2003 321  9  -4.4   2.9  -0.3  -1.5  234430.   1.9  740.   -39
2003 321 10  -4.7   3.1  -0.9  -2.1  228230.   1.8  731.   -34
2003 321 11  -4.7   2.6   1.4   0.2  235433.   1.9  730.   -25
2003 321 12  -4.5   3.3   0.1  -1.2  249083.   1.9  734.   -25
2003 321 13  -3.5   2.4  -1.9  -2.6  302314.   2.0  753.   -26
2003 321 14  -3.0   2.4  -2.8  -3.4  302207.   2.1  757.   -36
2003 321 15  -3.4   0.9   0.2  -0.1  310480.   2.3  755.   -42
2003 321 16  -3.1   0.6   0.9   0.7  319764.   2.4  754.   -41
2003 321 17  -3.1   2.1  -0.7  -1.1  301164.   2.4  750.   -40
2003 321 18  -4.6  -0.5  -1.1  -1.0  292758.   2.4  733.   -32
2003 321 19  -4.7   0.7  -0.9  -1.0  270100.   2.3  725.   -25
2003 321 20  -3.2   2.1  -1.1  -1.3  274092.   2.3  739.   -29
2003 321 21  -3.0   2.1  -2.0  -2.1  254013.   2.1  736.   -29
2003 321 22  -4.6   0.1   0.7   0.7  207674.   2.0  718.   -36
2003 321 23  -4.4   1.4  -0.9  -1.0  231089.   2.0  714.   -36
2003 322  0  -3.8  -0.8  -1.9  -1.8  267601.   2.0  725.   -27
2003 322  1  -2.8   1.3  -1.2  -1.3  295379.   2.1  733.   -22
2003 322  2  -3.3   0.7   1.1   1.0  287801.   2.0  724.   -21
2003 322  4  -4.6   0.0   0.7   0.7  242094.   2.2  706.   -31
2003 322  5  -4.4  -0.5  -0.1   0.0  246727.   2.2  704.   -30
2003 322  6  -2.1   3.5   1.8   0.5  233412.   2.1  723.   -30
2003 322  7  -4.0   1.3  -0.2  -0.7  229993.   2.2  702.   -27
2003 322  8  -4.6  -0.5  -0.8  -0.5  259238.   2.3  703.   -28
2003 323 20  -4.5   1.6   2.3   2.2   80578.   3.4  469.    -6
2003 323 22  -4.2   1.4   2.4   2.3   79223.   4.9  452.    -2
2003 323 23  -4.1   2.5   1.5   1.4   66612.   4.7  447.    -4
2003 324  0  -4.8   3.8   0.3   0.1   80517.   5.0  446.    -4
2003 324  1  -4.4   2.5   1.3   1.1   79352.   4.8  446.    -6
2003 324  2  -5.8   2.4  -0.8  -1.1  105306.   5.1  441.    -5
2003 324  3  -1.2   3.8  -1.7  -2.3   76679.   6.3  458.    -7
2003 324  4   0.6   5.0  -3.2  -4.2   59548.   6.6  461.   -15
2003 324  5   0.3   5.6  -2.9  -4.3   50252.   6.9  455.   -26
2003 324  6  -3.2   4.3  -4.3  -5.5   61963.   7.0  447.   -32
2003 324  7  -1.3   7.2  -3.0  -5.4   61855.   8.3  458.   -34
2003 324  8   1.0  14.0   0.2  -5.2  450287.  11.0  584.   -17
2003 324  9   4.2  21.7   1.7  -7.2  507320.  18.8  699.   -38
2003 324 10   3.3  25.1  18.7   6.9  225389.  16.2  687.   -68
2003 324 11   2.5  30.4  19.1   5.4  152462.   7.6  703.   -58
2003 324 12   8.4  44.9  -7.5 -24.0  105508.   7.3  643.   -49
2003 324 13   8.2  46.1 -10.1 -25.6  235200.  13.5  637.  -102
2003 324 14   5.7  43.2 -30.3 -42.3  188679.   6.0  619.  -162
2003 324 15   0.9  35.5 -42.9 -50.9   64842.   5.0  614.  -171
2003 324 16  -6.2  23.9 -45.9 -50.1  121862.  16.1  584.  -229
2003 324 17 -10.0   5.8 -44.1 -44.4  115088.  18.7  596.  -329
2003 324 18  -3.1  -6.8 -38.8 -37.5  102329.  18.7  580.  -396
2003 324 20  -3.6 -18.5 -18.5 -17.2   89151.  16.7  553.  -422
2003 324 21  -3.6 -16.8 -18.6 -17.8   71942.  14.9  550.  -422
2003 324 22  -2.6 -18.7 -15.4 -14.8   61179.   9.5  540.  -405
2003 324 23  -0.8 -17.3 -14.2 -13.6   54905.   7.0  537.  -343
2003 325  0   1.4 -18.3  -6.5  -5.5   58703.   6.6  535.  -309
2003 325  1   4.2 -12.0   7.1   8.0  109646.  10.2  526.  -256
2003 325  2   5.7  -6.2  13.5  14.1  169402.   9.7  531.  -230
2003 325  3  -4.1   7.9   8.6   7.2   85608.  11.3  548.  -194
2003 325  4  -4.9  10.4   1.0  -1.3   80394.   8.8  562.  -191
2003 325  5  -7.0   6.8   1.0  -0.9   95280.   9.8  554.  -185
2003 325  6   1.5   4.4  -3.4  -4.6   69635.   9.2  537.  -156
2003 325  7   3.3   1.9  -5.8  -6.1   31542.   3.1  558.  -162
2003 325  8   4.9  -0.9  -4.4  -3.7   72482.   2.1  546.  -162
2003 325  9   5.2  -3.0  -3.8  -2.3  116391.   1.2  525.  -141
2003 325 10   5.3  -4.6  -0.6   1.3  121396.   1.5  509.  -130
2003 325 11   5.8  -3.9  -0.9   0.7  136607.   1.7  499.  -122
2003 325 12   6.0  -2.0  -3.2  -2.2  136362.   1.5  502.  -118
2003 325 13   5.8  -4.8  -1.3   0.4  160094.   1.6  495.  -117
2003 325 14   5.9  -5.0  -1.4   0.2  107978.   1.2  498.  -110
2003 325 15   6.8  -1.6  -4.8  -4.2   70711.   0.9  504.  -104
2003 325 16   7.4  -1.8  -3.8  -3.3  125970.   0.8  488.  -105
2003 325 17   7.3  -2.8  -3.3  -2.8  118998.   0.7  483.  -104
2003 325 18   5.1  -4.5  -0.7  -0.1  155219.   1.2  471.   -92
2003 325 20   5.5  -5.0  -1.6  -1.3   70879.   2.7  476.   -83
2003 325 21   5.6  -4.5  -1.7  -1.5   58635.   2.7  476.   -76
2003 325 22   5.1  -5.8   0.9   1.1   31284.   2.7  487.   -69
2003 325 23   6.1  -5.2  -1.7  -1.5   34870.   3.1  480.   -63
2003 326  0   4.9  -3.5  -3.7  -3.5   51300.   3.1  488.   -60
2003 326  1   3.7  -1.6  -7.4  -7.3   42557.   3.3  493.   -71
2003 326  2   5.5  -3.6   1.4   1.8   71457.   2.4  496.   -79
2003 326  3   7.6  -4.5   1.9   2.6   99219.   2.4  483.   -74
2003 326  4   6.9  -5.4   0.8   1.9  114228.   2.6  490.   -68
2003 326  5   5.2  -4.3  -1.6  -0.4  136764.   2.7  506.   -70
2003 326  6   6.1  -5.3   0.7   2.3  200632.   2.7  514.   -74
2003 326  7   5.9  -3.6  -1.1   0.2  235398.   3.1  517.   -69
2003 326  8   5.2  -1.7   4.1   4.4  271006.   3.5  533.   -65
2003 326  9   6.0  -3.6   2.9   4.1  246496.   3.4  530.   -59
2003 326 10   5.2  -4.2   2.3   3.8  296244.   4.3  554.   -50
2003 326 11   5.9  -1.6  -5.1  -4.1  363961.   5.3  580.   -44
2003 326 12   6.7  -2.3   5.8   6.2  356216.   5.4  570.   -42
2003 326 13   8.2  -0.0   3.5   3.3  343914.   4.9  550.   -40
2003 326 14   4.0   4.4  -0.3  -1.6  359708.   5.3  566.   -43
2003 326 15   3.8   3.7  -1.9  -2.8  379769.   5.5  555.   -54
2003 326 16   5.0   1.4  -5.3  -5.5  323636.   5.0  529.   -63
2003 326 17   1.5   3.1  -7.9  -8.3  224999.   4.5  531.   -64
2003 326 18   2.7   1.4  -7.4  -7.5  183595.   4.3  527.   -72
2003 326 19   5.6  -1.0  -3.7  -3.6  266116.   4.5  507.   -85
2003 326 20   1.8   2.8  -6.3  -6.4  223429.   4.7  528.   -86
2003 326 21   5.8  -1.9  -5.2  -5.1  221830.   4.7  500.   -83
2003 326 22   4.0  -3.3  -6.0  -5.9  187322.   5.2  505.   -87
2003 326 23   7.2  -2.4  -2.3  -2.2  228032.   5.6  514.   -86
2003 327  0   9.0  -3.7  -0.1   0.0  234920.   4.7  517.   -79
2003 327  1   7.0  -4.6  -2.0  -1.7  228573.   4.2  534.   -69
2003 327  2   4.3  -5.9  -5.8  -5.1  236314.   4.1  554.   -65
2003 327  3   5.8  -5.8  -2.7  -1.8  228420.   4.1  536.   -73
2003 327  4   5.0  -4.0  -8.1  -7.1  175235.   3.9  545.   -74
2003 327  5   6.0  -5.0  -4.5  -3.1  209977.   4.1  542.   -74
2003 327  6   6.1  -2.9  -5.1  -4.0  222517.   3.8  554.   -66
2003 327  7   7.5  -2.2  -1.3  -0.5  237706.   4.1  547.   -70
2003 327  8   7.1  -4.3  -1.7   0.0  240302.   3.9  546.   -71
2003 327  9   7.9  -0.9  -1.4  -0.9  229214.   4.0  538.   -66
2003 327 10   7.2  -3.5   1.7   2.9  235851.   3.7  537.   -59
2003 327 11   4.5  -3.5   5.1   6.0  219827.   4.3  561.   -51
2003 327 12   6.6  -2.1   0.1   0.9  253848.   4.2  557.   -46
2003 327 13   3.3  -5.2  -0.1   1.6  246067.   4.7  582.   -49
2003 327 14   5.0  -5.5   1.0   2.6  219460.   4.6  566.   -41
2003 327 15   4.9  -4.8   2.9   4.0  201357.   4.7  564.   -38
2003 327 16   6.1  -4.1   4.8   5.5  177025.   4.3  555.   -35
2003 327 17   5.9  -4.8   3.2   3.9  187356.   4.6  559.   -33
2003 327 18   7.0  -1.2  -0.2  -0.1  191712.   4.7  551.   -35
2003 327 19   6.5  -2.6  -1.6  -1.4  192380.   4.4  552.   -38
2003 327 20   6.4  -4.1  -2.5  -2.3  164148.   3.7  554.   -46
2003 327 21   6.0  -4.2   0.5   0.6  156069.   3.8  563.   -47
2003 327 22   7.1  -5.0   0.5   0.6  144060.   3.8  547.   -41
2003 327 23   5.9  -6.1   0.9   1.0  149984.   3.6  556.   -36
2003 328  0   4.7  -4.8  -0.7  -0.5  132821.   3.7  567.   -32
2003 328  1   7.0  -5.4  -0.9  -0.6  113852.   3.7  540.   -33
2003 328  2   7.9  -4.8   1.1   1.6  124946.   3.9  530.   -30
2003 328  3   7.9  -4.1   2.0   2.6  140341.   3.9  527.   -29
2003 328  4   7.8  -3.4   1.3   2.0  148566.   4.1  528.   -29
2003 328  5   5.1  -7.1   2.0   3.7  145616.   3.9  548.   -30
2003 328  6   6.2  -6.5   1.1   3.0  150575.   4.1  539.   -30
2003 328  7   5.4  -7.1  -1.0   1.5  157733.   4.3  546.   -29
2003 328  8   6.7  -4.9   0.0   1.8  163843.   4.5  533.   -27
2003 328  9   8.4  -4.1   0.2   1.7  163888.   4.2  513.   -29
2003 328 10   5.8  -7.3   2.4   5.0  128725.   3.6  533.   -28
2003 328 11   7.7  -5.2   1.6   3.4  115489.   3.5  514.   -28
2003 328 12   6.4  -5.0   2.1   3.7  143806.   4.5  533.   -26
2003 328 13   5.9  -2.8  -3.1  -2.0  215111.   5.5  549.   -27
2003 328 14   5.0  -0.9  -1.0  -0.7  249173.   5.4  554.   -27
2003 328 15   5.4  -5.5   2.2   3.5  231511.   4.4  562.   -26
2003 328 16   6.1  -3.9  -2.1  -1.3  235910.   4.2  560.   -23
2003 328 17   5.6  -6.1   0.1   1.0  182558.   4.0  565.   -27
2003 328 18   5.1  -6.8  -1.3  -0.5  156047.   3.5  574.   -28
2003 328 19   5.3  -6.2  -1.4  -0.9  165113.   3.9  574.   -26
2003 328 20   6.2  -4.4  -1.7  -1.5  162134.   3.8  563.   -31
2003 328 21   6.1   1.4   0.9   0.9  199366.   3.7  573.   -32
2003 328 22   5.8  -1.5   2.4   2.4  178708.   3.8  576.   -33
2003 328 23   4.7  -4.2  -0.8  -0.8  171038.   3.5  607.   -28
2003 329  0   4.7  -4.0  -0.7  -0.6  180104.   3.3  613.   -27
2003 329  1   1.9  -4.5  -1.3  -1.1  216574.   3.1  640.   -27
2003 329  2   3.0  -3.3   1.1   1.4  215696.   3.3  630.   -27
2003 329  3   4.2  -3.3  -0.5  -0.0  172050.   3.3  620.   -25
2003 329  4   3.8  -4.5  -2.6  -1.7  116332.   3.2  608.   -28
2003 329  5   3.8  -2.7   0.6   1.2  147988.   3.3  604.   -35
2003 329  6   3.8  -2.1   3.2   3.7  144991.   3.6  598.   -33
2003 329  7   4.9  -0.5   1.7   1.8  146912.   3.5  587.   -28
2003 329  8   4.8   1.1  -1.3  -1.6  167409.   3.7  588.   -26
2003 329  9   4.8   0.3   2.9   2.6  140437.   3.9  583.   -31
2003 329 10   3.9  -1.1   2.3   2.5  154864.   4.0  591.   -26
2003 329 11   4.6  -0.9  -0.6  -0.2  164782.   4.1  584.   -23
2003 329 12   2.8  -3.0   1.0   2.0  144625.   4.0  595.   -22
2003 329 13   3.0  -3.2  -0.6   0.5  164585.   3.6  593.   -21
2003 329 14   2.8  -3.3  -2.1  -1.1  150612.   3.7  595.   -20
2003 329 15   3.2  -0.7  -2.4  -2.2  150025.   3.8  590.   -23
2003 329 16   4.5   1.0   1.5   1.3  157043.   3.9  575.   -24
2003 329 17   5.0   1.3   0.4   0.2  142487.   4.0  572.   -25
2003 329 18   3.8   0.1   3.0   3.0  123954.   4.0  577.   -23
2003 329 19   4.6  -1.6   1.3   1.4  118893.   3.7  571.   -17
2003 329 20   5.5  -3.0   1.0   1.1  107876.   3.9  558.   -14
2003 329 21   2.7  -5.5  -0.6  -0.5  128027.   3.6  572.   -12
2003 329 22   2.3  -5.4  -2.4  -2.4  112044.   3.2  564.   -14
2003 329 23   2.9  -5.0  -0.8  -0.8  122947.   2.7  544.   -19
2003 330  0   2.1  -5.3  -1.2  -1.1  125813.   2.7  549.   -19
2003 330  1   1.3  -5.4  -1.9  -1.6  126404.   2.8  549.   -21
2003 330  2   0.8  -4.6  -0.8  -0.4  142402.   2.7  555.   -23
2003 330  3   2.0  -3.6  -0.3   0.2  170329.   2.8  542.   -23
2003 330  4   2.9  -3.2  -1.2  -0.6  185658.   3.0  530.   -22
2003 330  5   2.5  -4.2  -0.2   0.8  162038.   2.9  531.   -21
2003 330  6   4.6  -1.7   0.7   1.2  174982.   3.3  509.   -23
2003 330  7   5.2  -0.1  -0.4  -0.3  178379.   3.4  502.   -24
2003 330  8   3.7  -1.5   0.8   1.3  171968.   3.0  509.   -20
2003 330  9   3.5  -1.1   3.4   3.6  172623.   2.9  516.   -19
2003 330 10   3.5  -4.4   0.3   1.9  163132.   2.6  509.   -17
2003 330 11   3.8  -2.7   2.2   3.0  155140.   2.7  515.   -12
2003 330 12   3.9  -1.3  -3.4  -2.7  144352.   2.8  510.   -12
2003 330 13   3.0  -4.2  -0.9   0.5  133686.   2.4  511.   -20
2003 330 14   3.9  -3.6   0.3   1.3  144090.   2.5  509.   -20
2003 330 15   5.1   1.1  -1.4  -1.6  161312.   2.7  497.   -16
2003 330 16   5.3  -0.3   1.4   1.4  127283.   2.9  490.   -22
2003 330 17   1.9  -3.9   0.0   0.6  112168.   2.4  517.   -22
2003 330 18   0.1  -4.8  -1.0  -0.5  100694.   2.2  538.   -19
2003 330 19   3.0  -3.3   1.0   1.2  112202.   2.5  512.   -17
2003 330 20   2.5  -4.2  -0.5  -0.4  101974.   2.3  511.   -13
2003 330 21   2.3  -4.2  -0.5  -0.5   91510.   2.2  515.   -12
2003 330 22   0.1  -5.2  -1.2  -1.2   74518.   2.1  532.   -15
2003 330 23   1.8  -4.8   0.1   0.1   75770.   1.9  511.   -15
2003 331  0   4.3  -1.9   1.8   1.8  106776.   2.4  498.   -14
2003 331  3   4.1  -2.6   0.2   0.5  116441.   2.4  492.   -17
2003 331  4   1.5  -2.7   0.7   1.2  101776.   2.2  508.   -14
2003 331 15   1.8  -0.2   3.5   3.5   73498.   2.7  472.   -10
2003 331 19   3.1  -2.4  -2.5  -2.4   60207.   2.7  439.    -7
2003 332  0   2.4  -1.8   2.1   2.1   50962.   3.0  423.    -1
2003 332  1   2.1  -2.5  -3.0  -2.9   49776.   3.1  418.    -6
2003 332  2   1.8  -1.9  -0.2  -0.1   47844.   3.2  421.    -7
2003 332  3   2.3  -2.7  -1.0  -0.7   56426.   2.8  415.   -10
2003 332  4   4.5   0.2   2.4   2.3   97702.   2.8  405.    -9
2003 332  5   2.1  -2.4   3.0   3.5   66064.   3.4  419.    -7
2003 332  7   1.1  -4.0  -2.0  -0.6   65137.   3.1  419.    -9
2003 332  8  -0.2  -4.7  -0.5   1.1   58876.   3.4  426.    -9
2003 332  9   0.8  -5.0  -2.0  -0.1   51687.   2.9  420.    -7
2003 332 10   1.1  -2.0  -1.5  -0.7   64944.   3.6  423.    -3
2003 332 11   2.5  -2.3  -4.0  -2.9   90067.   3.5  417.    -3
2003 332 12   3.3   0.2  -5.7  -5.4   85505.   3.5  410.    -7
2003 332 13   3.0  -4.7  -4.6  -3.0   69400.   3.4  418.   -10
2003 332 14   3.4  -5.8   0.0   1.5   78640.   3.3  414.   -11
2003 332 15   4.0  -5.3   2.2   3.3   76894.   2.6  405.    -8
2003 332 16   2.9  -5.0  -0.9   0.0   79429.   2.7  419.    -6
2003 332 17   3.4  -5.0   0.7   1.3   67880.   2.8  418.    -8
2003 332 18   3.3  -3.4   4.6   4.9  154204.   2.0  424.   -10
2003 332 19   3.0  -4.5   3.7   3.9   89217.   2.3  419.    -6
2003 332 20   3.4  -3.4   4.2   4.2   59762.   2.6  412.    -4
2003 332 21   3.2  -4.7   2.2   2.2   52984.   2.8  417.    -4
2003 332 22   2.8  -4.6   1.0   0.9   56111.   3.3  418.    -2
2003 332 23   4.2  -4.5   1.5   1.4   69039.   3.1  408.    -2
2003 333  0   3.8  -4.2  -0.8  -0.8   80624.   3.9  412.    -1
2003 333  1   2.3  -3.0  -4.6  -4.5   51625.   4.2  420.    -6
2003 333  2   4.8  -4.0  -0.7  -0.4   40805.   3.4  380.   -13
2003 333  3   3.6  -4.8   1.0   1.5   20903.   3.1  371.   -11
2003 333  4   5.0  -4.8   1.9   2.7   20465.   2.6  359.    -9
2003 333  5   3.9  -4.2   4.5   5.3   25579.   2.3  368.    -7
2003 333  6   5.8  -1.9  -0.7  -0.2   79835.   4.0  358.    -7
2003 333  7   5.3   2.4  -1.4  -2.1   80845.   5.7  364.    -9
2003 333  8   4.7   2.6  -1.2  -2.0   72076.   5.6  366.   -12
2003 333  9   5.4   4.3   1.3  -0.3   66563.   5.0  355.   -11
2003 333 10   5.5   3.7   2.3   0.8   73550.   4.8  357.   -11
2003 333 11   5.3   3.4  -0.2  -1.4   65241.   5.6  357.    -9
2003 333 12   4.9   4.5  -0.3  -1.8   70723.   5.3  355.    -7
2003 333 13   2.3   5.4   3.2   1.4   43553.   5.3  364.    -8
2003 333 14  -1.1   2.4   4.9   4.1   58971.   5.1  387.    -7
2003 333 15   3.4   0.6   3.4   3.2   78994.   4.3  371.    -4
2003 333 16   7.1  -1.6   3.6   3.8  129383.   3.1  364.    -5
2003 333 17   3.8  -6.2  -1.3  -0.5   82667.   3.8  369.    -4
2003 333 18   3.3  -5.7   0.2   0.6   47653.   3.3  375.    -5
2003 333 19   3.8   2.5   4.4   4.3   67477.   4.7  371.    -3
2003 333 20   4.8   2.4   1.1   1.1  101145.   5.4  366.     0
2003 333 21   5.8   3.9  -0.7  -0.6  116187.   5.5  361.     1
2003 333 22   7.0   1.7   0.6   0.6  172289.   4.4  360.    -1
2003 333 23   5.7  -2.5   1.4   1.3   96222.   4.4  379.     2
2003 334  0   5.8  -7.7  -0.2  -0.3   65174.   4.9  392.     1
2003 334  1   5.5  -9.2   0.2   0.4   71393.   6.2  405.     0
2003 334  2   6.6  -8.7   1.1   1.6   73092.   5.4  402.    -4
2003 334  3   5.4  -6.3   0.5   1.2   97867.   6.5  406.     1
2003 334  4   5.4 -11.1   5.1   6.8  161896.  10.1  442.    12
2003 334  5   5.4 -12.6   3.1   5.7  174052.  11.2  459.    16
2003 334  6   5.3 -11.9   7.5  10.3  164688.  10.4  470.    19
2003 334  7   3.7 -10.0   5.9   8.6  190129.  11.1  476.    22
2003 334  8   6.5  -5.5   6.7   8.1  213138.  11.4  468.    23
2003 334  9   4.6  -7.2   6.2   8.3  194273.   8.7  487.    19
2003 334 10   9.2 -10.8   2.3   5.9  147351.   6.6  484.    15
2003 334 11   9.6  -9.8  -0.6   2.8  156158.   6.4  483.    16
2003 334 12   8.0   1.4   5.1   4.4  148622.   8.6  467.    14
2003 334 13   9.3   0.5  -0.7  -0.8  146904.   7.0  477.     7
2003 334 14   9.7  -4.6  -5.8  -4.4  129393.   5.0  488.    -3
2003 334 15   7.8  -5.7  -6.0  -4.7  121637.   5.0  488.    -3
2003 334 16   9.3  -0.4  -2.2  -2.1  165978.   5.8  474.    -9
2003 334 17   6.1  -3.9  -5.0  -4.5   99855.   4.9  484.   -23
2003 334 18   4.9  -4.3  -5.4  -5.1   85873.   4.4  485.   -30
2003 334 19   4.6  -3.5  -5.6  -5.5  100907.   3.8  489.   -34
2003 334 20   5.2  -2.6  -3.3  -3.3  102006.   3.7  479.   -39
2003 334 21   5.4  -4.2  -3.7  -3.8   86345.   3.3  475.   -38
2003 334 22   5.8  -3.4  -3.0  -3.1  106987.   3.6  477.   -33
2003 334 23   3.9  -4.9  -3.1  -3.3  107009.   3.2  482.   -27
